[90]
0
1
2
3
4
5
6
7
8
9
10
11
12
13
14
15
16
17
18
19
20
21
22
23
24
25
26
27
28
29
30
31
32
33
34
35
36
37
38
39
40
41
42
43
44
45
46
47
48
49
50
51
52
53
54
55
56
57
58
59
60
61
62
63
64
65
66
67
68
69
70
71
72
73
74
75
76
77
78
79
80
81
82
83
84
85
86
87
88
89
[0]
0,1
0,4
0,6
0,7
1,3
4,0
4,8
5,1
5,7
6,4
6,8
7,8
8,8
9,12
9,13
9,17
10,16
10,17
11,10
11,16
12,10
12,15
13,9
13,16
14,15
14,17
16,17
17,17
18,22
19,19
19,22
21,18
21,22
23,22
23,26
24,22
24,23
25,18
25,22
26,18
26,26
30,30
31,31
31,34
32,27
32,28
32,33
32,34
33,28
33,30
33,31
34,31
35,31
36,39
37,41
38,38
38,41
38,42
39,38
39,40
39,43
40,36
40,37
40,39
41,37
42,39
42,40
44,36
44,41
45,45
46,45
46,53
47,45
47,47
47,51
47,53
48,45
48,48
48,50
50,47
50,48
50,49
52,46
52,53
53,53
54,55
54,56
54,57
54,61
56,58
56,60
57,55
58,55
58,59
59,56
59,62
60,57
60,61
61,57
62,54
62,55
62,59
64,67
65,71
66,67
66,70
67,67
68,64
68,65
68,66
69,63
70,63
70,71
72,73
73,73
74,78
75,73
75,75
76,74
76,77
76,78
77,79
78,74
78,79
79,76
80,74
81,81
81,82
82,81
82,83
83,82
84,84
84,88
85,86
87,86
87,87
