[100]
0
1
2
3
4
5
6
7
8
9
10
11
12
13
14
15
16
17
18
19
20
21
22
23
24
25
26
27
28
29
30
31
32
33
34
35
36
37
38
39
40
41
42
43
44
45
46
47
48
49
50
51
52
53
54
55
56
57
58
59
60
61
62
63
64
65
66
67
68
69
70
71
72
73
74
75
76
77
78
79
80
81
82
83
84
85
86
87
88
89
90
91
92
93
94
95
96
97
98
99
[0]
0,1
0,4
0,6
0,7
1,2
3,6
4,4
4,6
5,2
5,8
6,2
7,1
8,0
8,4
8,5
8,9
9,7
9,8
10,10
10,16
10,19
11,14
11,17
12,14
13,12
13,14
15,12
16,11
16,16
17,12
17,15
18,19
19,13
21,21
21,25
22,20
22,21
22,25
22,29
23,24
24,22
27,23
28,23
28,26
28,28
28,29
29,24
29,25
29,28
30,30
30,31
31,30
31,39
32,37
33,38
34,34
34,37
34,38
35,33
35,35
35,38
36,30
36,31
36,33
37,30
38,31
38,32
39,36
40,41
40,45
41,44
42,42
42,43
42,45
42,49
43,41
43,42
43,45
43,47
45,42
45,43
45,44
46,49
47,46
48,45
48,47
48,48
48,49
49,43
50,58
51,50
51,54
52,53
52,57
53,53
53,59
54,53
54,57
55,52
55,58
55,59
56,53
58,50
59,53
59,58
60,61
60,67
61,63
61,64
61,65
62,61
63,60
63,68
64,69
65,68
67,62
67,66
67,68
68,66
68,69
69,60
70,70
70,74
70,79
71,75
72,72
72,79
73,70
73,78
74,70
74,78
75,79
76,73
77,70
78,78
78,79
82,80
82,82
82,85
82,86
82,88
83,82
84,87
85,82
86,80
86,86
87,84
87,86
88,80
88,82
89,80
89,81
89,83
89,89
90,98
90,99
91,90
91,92
91,98
92,93
93,94
94,95
95,95
95,96
95,98
96,90
96,92
96,95
96,97
97,95
97,96
97,97
98,95
98,97
99,94
