[100]
0
1
2
3
4
5
6
7
8
9
10
11
12
13
14
15
16
17
18
19
20
21
22
23
24
25
26
27
28
29
30
31
32
33
34
35
36
37
38
39
40
41
42
43
44
45
46
47
48
49
50
51
52
53
54
55
56
57
58
59
60
61
62
63
64
65
66
67
68
69
70
71
72
73
74
75
76
77
78
79
80
81
82
83
84
85
86
87
88
89
90
91
92
93
94
95
96
97
98
99
[171]
0,4
0,7
1,16
2,6
2,18
3,11
4,9
4,18
4,99
5,0
5,6
5,9
6,4
6,12
7,12
8,6
9,9
9,13
10,15
11,1
11,14
12,2
13,13
14,3
14,6
14,8
14,9
14,15
16,7
17,4
17,8
17,15
17,18
17,99
18,0
18,10
19,2
20,25
21,23
21,29
21,31
21,35
22,32
22,33
22,34
23,29
24,28
24,29
25,30
26,27
26,39
29,38
30,21
30,27
30,34
31,30
31,38
32,38
33,38
34,26
34,29
35,24
37,20
37,28
37,39
38,30
39,28
41,40
41,45
41,48
43,46
43,56
44,40
44,42
44,50
44,51
44,53
45,58
47,45
47,55
47,58
48,42
48,47
48,55
48,57
49,45
49,47
49,54
50,40
50,58
54,42
54,51
54,55
54,59
57,42
58,41
58,42
58,49
58,56
59,54
60,70
60,71
61,66
61,68
63,63
64,66
65,60
65,67
65,71
65,78
66,74
66,77
67,75
68,60
68,62
68,70
69,64
70,68
70,71
70,77
71,64
71,65
71,76
71,78
73,70
74,61
74,64
74,69
74,70
74,76
75,62
75,73
75,79
76,69
76,77
76,79
77,74
78,62
78,76
79,66
79,67
80,82
80,85
81,83
81,91
82,82
82,86
82,87
83,84
84,80
84,88
84,93
85,86
86,91
86,99
87,0
87,89
87,97
87,98
88,92
89,92
90,93
92,96
93,75
93,76
93,77
93,78
93,79
93,87
93,95
94,2
94,4
94,6
94,8
94,10
94,12
94,24
94,25
94,26
94,27
94,28
94,29
94,30
94,31
94,32
94,34
94,36
94,37
94,40
94,42
94,44
94,48
94,49
94,50
94,52
94,54
94,55
94,56
94,58
94,59
94,60
94,66
94,67
94,68
94,69
94,70
94,71
94,72
94,73
94,74
94,75
94,76
94,77
94,78
94,79
94,95
95,1
95,2
95,3
95,4
95,6
95,7
95,8
95,9
95,10
95,11
95,13
95,14
95,15
95,17
95,23
95,25
95,27
95,29
95,31
95,33
95,37
95,38
95,39
95,41
95,42
95,45
95,46
95,48
95,49
95,51
95,52
95,53
95,54
95,57
95,58
95,61
95,63
95,67
95,68
95,71
95,72
95,73
95,77
95,79
95,85
95,91
96,2
96,3
96,4
96,5
96,6
96,7
96,8
96,10
96,11
96,12
96,14
96,15
96,16
96,17
96,18
96,19
96,20
96,21
96,24
96,25
96,26
96,27
96,28
96,29
96,31
96,32
96,33
96,36
96,38
96,39
96,40
96,41
96,42
96,44
96,45
96,46
96,47
96,48
96,49
96,50
96,51
96,54
96,55
96,56
96,58
96,59
96,60
96,64
96,66
96,67
96,68
96,69
96,70
96,71
96,72
96,73
96,74
96,75
96,76
96,77
96,84
96,86
97,1
97,3
97,4
97,5
97,6
97,7
97,8
97,9
97,10
97,11
97,12
97,13
97,14
97,19
97,20
97,21
97,23
97,24
97,25
97,26
97,27
97,28
97,29
97,30
97,31
97,32
97,33
97,34
97,35
97,37
97,39
97,40
97,41
97,42
97,43
97,44
97,47
97,48
97,49
97,51
97,53
97,54
97,55
97,56
97,57
97,58
97,59
97,60
97,63
97,64
97,67
97,68
97,69
97,71
97,72
97,73
97,77
97,79
97,84
97,87
97,99
98,0
98,1
98,2
98,3
98,4
98,5
98,6
98,8
98,14
98,15
98,16
98,17
98,22
98,23
98,24
98,25
98,70
98,71
98,74
98,76
98,77
98,78
98,85
99,11
99,12
99,13
99,14
99,15
99,19
99,20
99,21
99,22
99,23
99,24
99,25
99,26
99,27
99,28
99,29
99,31
99,32
99,33
99,34
99,35
99,36
99,37
99,38
99,39
99,40
99,41
99,42
99,43
99,44
99,45
99,46
99,47
99,48
99,49
99,50
99,51
99,52
99,53
99,54
99,55
99,56
99,65
99,66
99,71
99,73
99,75
99,76
99,77
99,78
99,79
