[1000]
0
1
2
3
4
5
6
7
8
9
10
11
12
13
14
15
16
17
18
19
20
21
22
23
24
25
26
27
28
29
30
31
32
33
34
35
36
37
38
39
40
41
42
43
44
45
46
47
48
49
50
51
52
53
54
55
56
57
58
59
60
61
62
63
64
65
66
67
68
69
70
71
72
73
74
75
76
77
78
79
80
81
82
83
84
85
86
87
88
89
90
91
92
93
94
95
96
97
98
99
100
101
102
103
104
105
106
107
108
109
110
111
112
113
114
115
116
117
118
119
120
121
122
123
124
125
126
127
128
129
130
131
132
133
134
135
136
137
138
139
140
141
142
143
144
145
146
147
148
149
150
151
152
153
154
155
156
157
158
159
160
161
162
163
164
165
166
167
168
169
170
171
172
173
174
175
176
177
178
179
180
181
182
183
184
185
186
187
188
189
190
191
192
193
194
195
196
197
198
199
200
201
202
203
204
205
206
207
208
209
210
211
212
213
214
215
216
217
218
219
220
221
222
223
224
225
226
227
228
229
230
231
232
233
234
235
236
237
238
239
240
241
242
243
244
245
246
247
248
249
250
251
252
253
254
255
256
257
258
259
260
261
262
263
264
265
266
267
268
269
270
271
272
273
274
275
276
277
278
279
280
281
282
283
284
285
286
287
288
289
290
291
292
293
294
295
296
297
298
299
300
301
302
303
304
305
306
307
308
309
310
311
312
313
314
315
316
317
318
319
320
321
322
323
324
325
326
327
328
329
330
331
332
333
334
335
336
337
338
339
340
341
342
343
344
345
346
347
348
349
350
351
352
353
354
355
356
357
358
359
360
361
362
363
364
365
366
367
368
369
370
371
372
373
374
375
376
377
378
379
380
381
382
383
384
385
386
387
388
389
390
391
392
393
394
395
396
397
398
399
400
401
402
403
404
405
406
407
408
409
410
411
412
413
414
415
416
417
418
419
420
421
422
423
424
425
426
427
428
429
430
431
432
433
434
435
436
437
438
439
440
441
442
443
444
445
446
447
448
449
450
451
452
453
454
455
456
457
458
459
460
461
462
463
464
465
466
467
468
469
470
471
472
473
474
475
476
477
478
479
480
481
482
483
484
485
486
487
488
489
490
491
492
493
494
495
496
497
498
499
500
501
502
503
504
505
506
507
508
509
510
511
512
513
514
515
516
517
518
519
520
521
522
523
524
525
526
527
528
529
530
531
532
533
534
535
536
537
538
539
540
541
542
543
544
545
546
547
548
549
550
551
552
553
554
555
556
557
558
559
560
561
562
563
564
565
566
567
568
569
570
571
572
573
574
575
576
577
578
579
580
581
582
583
584
585
586
587
588
589
590
591
592
593
594
595
596
597
598
599
600
601
602
603
604
605
606
607
608
609
610
611
612
613
614
615
616
617
618
619
620
621
622
623
624
625
626
627
628
629
630
631
632
633
634
635
636
637
638
639
640
641
642
643
644
645
646
647
648
649
650
651
652
653
654
655
656
657
658
659
660
661
662
663
664
665
666
667
668
669
670
671
672
673
674
675
676
677
678
679
680
681
682
683
684
685
686
687
688
689
690
691
692
693
694
695
696
697
698
699
700
701
702
703
704
705
706
707
708
709
710
711
712
713
714
715
716
717
718
719
720
721
722
723
724
725
726
727
728
729
730
731
732
733
734
735
736
737
738
739
740
741
742
743
744
745
746
747
748
749
750
751
752
753
754
755
756
757
758
759
760
761
762
763
764
765
766
767
768
769
770
771
772
773
774
775
776
777
778
779
780
781
782
783
784
785
786
787
788
789
790
791
792
793
794
795
796
797
798
799
800
801
802
803
804
805
806
807
808
809
810
811
812
813
814
815
816
817
818
819
820
821
822
823
824
825
826
827
828
829
830
831
832
833
834
835
836
837
838
839
840
841
842
843
844
845
846
847
848
849
850
851
852
853
854
855
856
857
858
859
860
861
862
863
864
865
866
867
868
869
870
871
872
873
874
875
876
877
878
879
880
881
882
883
884
885
886
887
888
889
890
891
892
893
894
895
896
897
898
899
900
901
902
903
904
905
906
907
908
909
910
911
912
913
914
915
916
917
918
919
920
921
922
923
924
925
926
927
928
929
930
931
932
933
934
935
936
937
938
939
940
941
942
943
944
945
946
947
948
949
950
951
952
953
954
955
956
957
958
959
960
961
962
963
964
965
966
967
968
969
970
971
972
973
974
975
976
977
978
979
980
981
982
983
984
985
986
987
988
989
990
991
992
993
994
995
996
997
998
999
[3345]
0,0
0,1
0,2
0,4
0,6
0,7
1,2
1,8
2,1
2,2
2,4
2,8
3,4
3,5
3,6
4,1
4,4
4,6
4,9
5,2
5,3
5,5
5,7
5,8
5,9
6,2
7,1
7,2
7,5
7,999
8,0
8,2
8,3
8,4
8,5
8,9
9,2
9,3
9,7
9,8
10,10
10,11
10,13
10,14
10,16
10,19
11,13
11,14
11,17
12,14
12,15
12,16
12,17
13,10
13,12
13,14
13,17
14,11
14,16
14,17
15,12
16,10
16,11
16,16
17,12
17,15
18,14
18,16
18,19
19,13
20,20
21,21
21,22
21,25
21,28
21,29
22,20
22,21
22,22
22,25
22,29
23,20
23,21
23,24
24,22
24,25
25,24
26,24
27,23
27,24
27,26
27,27
27,28
28,20
28,23
28,26
28,27
28,28
28,29
29,21
29,23
29,24
29,25
29,28
30,30
30,31
30,32
30,38
31,30
31,33
31,39
32,33
32,37
33,33
33,38
34,33
34,34
34,35
34,37
34,38
34,39
35,30
35,33
35,35
35,38
36,30
36,31
36,33
36,35
37,30
37,32
37,33
37,34
37,35
38,30
38,31
38,32
38,35
39,36
39,39
40,41
40,42
40,45
41,44
41,46
41,48
42,42
42,43
42,45
42,49
43,41
43,42
43,45
43,46
43,47
45,42
45,43
45,44
46,41
46,49
47,46
48,40
48,43
48,45
48,46
48,47
48,48
48,49
49,43
49,44
49,47
50,56
50,58
51,50
51,51
51,52
51,54
51,59
52,53
52,57
53,50
53,53
53,55
53,57
53,59
54,53
54,57
54,59
55,51
55,52
55,53
55,58
55,59
56,52
56,53
57,55
57,56
57,58
58,50
58,51
58,53
58,56
59,53
59,54
59,57
59,58
60,60
60,61
60,64
60,67
60,68
61,62
61,63
61,64
61,65
62,60
62,61
63,60
63,62
63,68
64,61
64,64
64,67
64,68
64,69
65,62
65,63
65,68
67,62
67,63
67,66
67,67
67,68
68,61
68,63
68,66
68,67
68,69
69,60
69,63
69,66
69,67
69,69
70,70
70,74
70,79
71,72
71,75
72,72
72,76
72,79
73,70
73,71
73,76
73,78
74,70
74,74
74,77
74,78
74,79
75,74
75,79
76,70
76,72
76,73
76,74
76,78
76,79
77,70
77,76
78,72
78,78
78,79
79,71
79,75
80,80
80,88
80,89
81,80
82,80
82,82
82,85
82,86
82,87
82,88
83,81
83,82
84,81
84,84
84,87
84,89
85,82
85,86
85,87
85,89
86,80
86,86
86,87
86,88
87,82
87,83
87,84
87,86
88,80
88,82
88,85
89,80
89,81
89,83
89,84
89,85
89,87
89,89
90,91
90,96
90,98
90,99
91,90
91,92
91,93
91,95
91,98
92,93
93,90
93,94
93,97
94,92
94,95
94,98
94,99
95,95
95,96
95,98
95,99
96,90
96,91
96,92
96,95
96,96
96,97
97,94
97,95
97,96
97,97
97,98
98,95
98,96
98,97
98,99
99,90
99,94
99,95
99,98
100,100
100,106
101,101
101,107
101,108
102,101
102,106
102,108
102,109
103,104
103,105
103,106
103,108
104,100
104,104
104,107
105,103
105,105
105,109
106,100
106,104
106,106
107,105
107,106
107,108
108,102
108,103
108,104
108,107
109,101
109,102
109,105
109,109
110,110
110,115
110,116
110,118
111,111
111,113
111,118
112,114
112,116
112,119
113,110
113,116
113,117
114,110
114,112
114,115
114,118
115,112
115,113
115,114
115,115
115,116
116,111
116,112
116,117
116,118
116,119
117,110
117,116
118,111
118,115
118,117
118,118
119,114
119,119
120,121
120,123
120,125
120,127
120,128
121,120
121,121
121,123
121,125
121,126
121,128
122,120
122,124
122,125
122,126
122,128
123,124
123,128
123,129
124,123
124,125
124,126
125,129
126,123
126,128
127,120
127,122
127,126
128,126
129,121
129,124
129,128
129,129
130,130
130,132
130,133
130,137
131,131
131,136
131,138
132,133
133,132
133,134
133,136
133,137
133,138
134,131
134,133
134,137
134,138
134,139
135,132
135,135
135,139
136,130
136,131
136,132
136,133
137,130
137,131
137,139
138,131
138,134
138,137
139,135
139,139
140,146
140,148
141,140
141,141
141,147
141,149
142,140
142,141
142,144
142,145
142,149
143,140
143,142
143,144
143,146
143,148
144,144
145,145
145,148
145,149
146,142
147,140
147,143
147,145
147,146
148,140
148,141
148,143
148,144
148,145
148,149
149,140
149,143
149,146
149,148
149,149
150,152
150,155
150,157
151,150
151,153
151,159
152,157
152,159
153,154
153,156
153,157
153,159
154,154
154,158
154,159
155,151
155,154
155,157
156,152
156,155
157,151
157,156
157,158
157,159
158,156
158,157
159,154
160,161
160,162
160,164
160,165
160,167
161,164
161,167
161,169
162,160
162,163
163,160
163,161
163,167
164,160
164,162
164,165
164,166
164,167
165,160
165,162
165,167
166,160
166,161
166,163
166,164
166,165
166,169
167,162
167,163
167,167
168,160
168,162
168,165
168,166
168,168
169,160
169,162
169,163
169,165
169,166
169,169
170,175
170,176
171,173
172,176
172,177
173,171
173,174
173,176
173,177
173,179
174,174
174,176
174,178
174,179
175,176
175,177
175,178
176,170
176,171
176,173
176,175
176,177
176,179
177,172
177,175
178,174
178,176
178,179
179,172
179,174
179,177
179,178
179,179
181,183
181,187
182,181
183,181
183,188
184,180
184,184
185,180
185,181
185,182
185,186
186,186
186,187
186,188
187,183
187,184
187,185
187,186
188,185
188,186
188,188
189,183
189,185
189,188
190,195
190,199
191,191
191,192
191,197
191,199
192,194
192,196
192,197
193,194
193,197
193,199
194,191
194,192
194,194
194,197
195,190
195,191
195,193
195,197
195,199
196,195
197,193
197,196
198,191
198,192
198,197
199,190
199,191
199,193
199,195
199,196
200,203
200,204
200,208
200,209
201,200
201,201
201,203
201,204
201,208
202,202
202,204
202,208
202,209
203,208
204,201
204,203
204,204
204,209
205,201
205,203
205,205
205,206
205,209
206,203
206,205
206,208
207,201
207,206
208,202
208,204
208,206
208,209
209,200
209,201
209,204
209,205
209,206
210,210
210,212
210,214
210,216
211,211
211,213
211,218
212,210
212,216
212,218
213,214
213,215
214,211
214,215
215,210
215,214
215,217
216,212
217,212
217,216
217,218
217,219
218,210
218,211
218,212
218,214
218,217
219,210
219,213
220,222
220,228
221,221
221,224
221,226
222,220
222,222
222,224
222,225
222,229
223,222
223,224
223,225
223,228
224,225
224,226
225,220
225,221
226,224
227,221
227,228
227,229
228,220
228,225
228,228
229,220
229,223
229,224
230,230
230,231
230,232
230,237
230,238
231,238
232,233
232,235
232,236
233,234
233,235
234,236
234,237
234,239
235,232
235,234
235,235
235,239
236,236
236,237
237,232
237,236
237,239
238,232
238,234
238,236
239,236
239,237
239,238
240,243
240,248
242,244
242,249
243,244
243,246
243,248
244,243
244,246
244,247
244,248
244,249
245,241
245,244
245,245
245,248
245,249
246,244
246,248
247,246
247,247
247,248
248,241
248,243
249,240
249,241
249,242
250,258
251,250
251,252
251,253
251,254
251,255
251,258
252,250
252,254
253,252
253,254
253,257
254,250
255,254
255,255
255,256
255,258
255,259
256,252
256,253
256,255
256,257
256,258
257,250
257,252
257,255
258,250
258,251
258,254
258,255
260,261
260,263
260,265
260,267
261,260
261,264
262,264
262,265
262,267
263,260
263,261
263,263
263,264
263,267
264,261
264,263
264,265
264,267
265,260
265,265
265,268
266,261
266,263
266,264
266,266
266,269
267,261
267,264
267,266
267,268
267,269
268,261
268,263
269,260
269,261
269,265
271,272
271,279
272,271
272,279
273,273
273,274
273,277
273,278
273,279
274,270
275,270
275,272
275,278
276,272
276,274
276,275
276,279
277,279
278,276
278,279
280,280
280,285
281,289
282,282
283,280
283,283
284,280
284,284
284,289
285,280
285,282
285,284
285,288
285,289
286,280
286,284
287,280
287,281
287,286
287,287
288,280
288,287
289,281
289,282
289,284
289,286
289,289
290,292
290,293
290,297
291,292
291,293
291,294
291,296
292,292
292,293
292,296
292,297
293,290
293,299
294,290
294,291
294,292
294,295
294,296
294,297
294,298
294,299
295,290
295,291
295,292
295,299
296,296
296,297
296,298
297,296
297,297
298,290
298,298
299,292
299,293
299,296
299,298
299,299
300,302
300,303
300,305
300,306
300,307
300,308
301,307
301,308
302,303
302,304
303,302
303,307
303,309
304,305
304,309
305,301
305,302
305,304
306,302
306,305
306,308
307,301
307,303
307,305
307,307
307,309
309,301
309,304
309,307
309,308
309,309
310,312
310,313
310,314
311,313
311,314
311,317
311,318
311,319
312,317
313,312
313,317
314,310
314,312
314,317
314,319
315,310
315,313
315,315
315,316
316,310
316,315
316,317
317,318
318,310
318,312
318,313
318,319
319,310
319,312
319,314
319,316
320,321
320,322
320,324
320,325
320,326
320,327
320,329
321,322
321,323
321,324
321,328
322,322
322,327
323,320
323,322
323,326
323,327
323,328
324,320
324,321
324,324
324,328
325,320
325,329
326,320
326,324
326,325
327,326
327,327
327,328
328,322
328,323
328,324
328,327
329,321
329,323
329,325
329,327
329,329
330,331
330,333
330,336
331,330
332,330
332,331
332,334
332,335
332,336
332,337
333,336
333,337
334,330
334,332
334,333
334,334
334,337
334,338
334,339
335,331
335,332
335,338
336,330
336,331
336,332
336,333
336,335
336,337
336,339
337,332
337,334
338,330
338,335
338,339
339,332
339,336
340,340
340,342
340,344
340,345
341,340
341,343
341,344
341,347
341,349
342,343
342,344
342,345
342,346
342,349
343,347
344,344
344,348
345,340
346,344
346,347
346,349
347,340
347,343
347,346
348,343
349,342
349,343
349,344
349,347
349,349
350,351
350,352
351,353
351,355
352,353
352,354
352,355
353,350
353,353
353,356
353,359
354,352
354,354
354,356
354,358
355,356
355,357
355,359
356,350
356,351
356,352
356,353
356,355
356,359
357,352
357,354
357,355
357,357
358,351
358,353
358,358
359,352
359,354
359,356
359,358
359,359
360,369
361,362
361,363
361,365
361,366
361,367
362,360
362,363
362,366
363,360
363,361
363,362
363,363
363,368
363,369
364,360
364,361
364,362
364,367
364,368
365,360
365,361
365,363
365,367
366,365
367,364
367,369
368,369
369,365
369,368
370,372
370,373
370,374
370,377
370,379
371,370
371,377
372,371
372,374
372,375
372,378
373,371
373,375
374,375
374,377
374,379
375,370
375,378
375,379
376,375
376,379
377,370
377,371
377,375
377,378
378,373
378,376
379,373
379,374
379,375
380,383
380,384
380,385
380,386
380,388
381,384
381,385
382,380
382,381
382,383
382,385
383,380
383,382
384,383
384,385
385,384
385,385
385,387
385,389
386,381
386,383
386,388
387,380
387,382
387,384
387,385
387,388
388,382
388,383
388,386
388,389
389,382
389,383
389,385
389,386
389,389
390,391
390,392
390,394
390,396
390,397
390,398
390,399
391,391
391,397
391,398
392,393
392,394
392,395
393,391
393,395
393,397
393,398
393,399
394,397
395,390
395,393
395,394
396,390
396,391
396,392
396,395
396,397
397,396
397,398
398,394
398,398
399,390
399,394
399,395
399,399
400,401
400,404
400,408
401,400
401,403
401,407
401,408
401,409
402,400
402,401
402,406
402,407
402,408
403,407
403,409
404,400
404,401
404,406
404,409
405,400
405,401
405,404
405,405
405,406
405,408
406,403
406,408
407,400
407,402
407,405
408,401
408,403
408,406
408,409
409,400
409,402
409,403
409,404
409,406
409,408
410,411
410,414
410,418
411,411
411,414
411,416
411,419
412,410
412,412
412,413
412,414
412,418
413,414
413,415
413,416
414,411
414,418
414,419
415,411
415,414
415,415
416,412
416,416
416,417
417,414
418,410
419,413
419,414
419,417
420,420
420,422
420,426
421,421
421,422
421,424
421,425
421,427
421,428
422,420
422,423
422,426
423,420
423,425
423,429
424,424
424,425
424,426
424,429
425,424
425,426
425,427
426,422
426,423
427,420
427,422
427,425
428,423
428,425
429,424
429,425
430,433
430,434
430,438
431,432
431,433
431,434
431,436
431,438
431,439
432,436
432,437
432,438
433,431
433,432
433,434
433,436
433,439
434,432
434,434
434,435
434,437
434,438
435,432
435,439
436,432
436,433
436,436
437,431
438,432
438,435
438,436
438,439
439,431
439,432
439,434
439,435
439,437
439,439
440,442
440,443
440,445
440,446
440,447
440,448
440,449
441,443
441,444
441,445
441,446
441,448
441,449
442,440
442,444
442,447
442,448
443,443
443,447
443,449
444,442
444,446
444,447
444,449
445,444
445,448
446,443
446,447
447,440
447,442
447,444
447,445
447,448
448,442
448,445
449,441
449,444
449,449
450,450
450,457
450,458
451,451
451,452
451,454
452,450
452,457
452,459
453,451
453,453
453,455
453,458
454,451
454,453
454,454
454,458
454,459
455,451
455,454
455,455
455,456
455,457
456,450
456,453
456,456
457,457
457,459
458,451
458,458
459,454
460,460
460,461
460,466
461,460
461,462
461,464
461,466
461,467
461,468
461,469
462,460
462,461
462,466
462,468
462,469
463,469
464,465
464,466
464,468
464,469
465,461
465,462
465,465
465,467
465,468
465,469
466,460
466,461
466,462
466,464
466,467
466,468
467,465
468,465
468,469
469,460
469,461
469,463
469,464
469,467
469,469
470,476
471,472
471,473
471,476
471,477
472,474
472,477
473,472
473,475
473,478
474,473
474,478
475,470
475,472
475,477
476,473
476,474
476,478
477,470
477,471
477,475
477,477
478,472
478,479
479,474
479,478
479,479
480,483
480,484
480,486
480,489
481,481
481,486
481,487
481,489
482,481
482,486
482,489
483,481
483,482
483,483
484,482
484,485
484,486
484,488
485,480
485,481
485,486
486,482
486,483
486,486
486,488
487,484
487,486
488,480
488,487
489,480
489,483
489,485
490,494
490,496
490,498
491,494
491,495
491,498
492,494
492,496
492,499
493,490
493,494
493,496
493,498
493,499
494,491
494,495
494,498
495,490
495,492
495,493
495,494
495,495
495,498
496,492
497,490
497,492
497,496
497,497
497,499
498,491
498,492
498,495
498,496
499,490
499,495
500,501
500,506
500,508
500,509
501,503
501,505
501,507
501,509
502,508
502,509
503,502
503,503
503,506
504,500
504,502
504,504
504,508
505,506
505,507
505,508
506,500
506,504
506,509
507,501
507,502
507,503
507,506
507,508
508,501
508,502
508,503
508,504
508,506
508,508
508,509
509,502
509,506
509,507
510,510
510,516
510,517
512,512
512,519
513,510
513,512
513,513
513,514
513,518
514,510
514,512
514,513
514,515
514,516
514,517
514,519
515,510
515,511
515,515
515,519
516,511
516,512
516,516
516,519
517,511
517,512
518,513
518,515
518,516
518,517
519,510
519,511
519,517
519,518
520,521
520,525
520,526
520,528
520,529
521,521
521,525
521,528
522,522
522,525
522,526
522,528
523,520
523,521
524,520
524,522
524,523
525,521
525,522
525,525
525,528
526,527
527,520
527,521
527,522
527,525
527,527
527,528
528,521
528,523
528,528
529,523
529,527
529,529
530,531
530,534
530,535
530,537
530,538
530,539
531,531
531,532
531,536
531,538
532,533
532,535
533,530
533,531
533,539
534,530
535,531
535,538
535,539
536,534
537,539
538,535
538,536
538,538
538,539
539,530
539,537
539,539
540,540
540,542
540,544
540,548
541,541
541,542
541,549
543,543
543,548
544,541
544,542
544,544
544,545
544,546
544,549
545,541
545,542
545,545
545,547
545,549
546,543
546,547
547,542
547,544
547,545
547,546
548,546
548,549
549,541
549,544
549,545
549,548
550,553
550,556
550,558
550,559
551,555
552,551
552,552
552,553
552,554
552,558
553,550
553,551
553,554
553,556
554,551
554,554
554,559
555,551
555,554
556,550
556,552
556,555
556,557
556,558
557,552
557,554
557,557
557,558
558,554
558,555
558,557
559,550
559,553
559,554
559,555
559,559
560,561
560,563
560,565
560,566
560,569
561,560
561,563
561,564
561,565
561,566
561,568
562,564
562,567
563,567
564,561
564,564
564,568
565,566
565,567
565,568
565,569
566,565
566,566
567,562
567,564
567,566
567,568
568,560
568,561
568,564
568,565
569,566
569,569
570,570
570,577
570,579
571,570
571,575
571,576
571,577
571,579
572,571
572,578
573,570
573,573
573,574
573,577
573,578
574,576
574,577
574,578
574,579
575,570
575,573
575,574
575,577
575,579
576,570
576,572
576,573
576,574
576,577
577,573
577,576
577,577
577,578
578,571
578,572
578,575
578,576
578,577
578,579
579,571
579,572
579,574
579,575
579,577
580,580
580,584
581,583
581,588
582,584
582,589
583,582
583,585
583,586
583,588
584,581
584,582
584,584
584,589
585,583
585,585
585,587
586,583
586,585
586,588
586,589
587,582
587,583
587,584
588,582
588,585
588,586
588,589
589,582
589,584
589,586
589,587
590,590
590,591
590,595
590,597
591,591
591,592
591,594
591,596
591,598
592,591
592,594
592,596
592,597
593,594
593,597
593,598
594,594
594,597
594,598
594,599
595,593
595,594
595,598
595,599
596,593
597,591
597,592
597,594
597,597
598,590
598,591
598,592
598,598
598,599
599,591
599,592
599,595
599,596
600,600
600,609
601,600
601,603
601,605
601,606
601,608
602,603
602,604
602,608
603,603
603,606
603,608
604,604
605,602
605,606
606,603
606,606
607,603
607,604
607,605
607,606
608,603
608,608
608,609
609,602
609,605
609,609
610,611
610,613
610,618
611,610
611,611
611,614
611,617
611,619
612,616
613,610
613,613
614,610
614,614
614,618
615,613
615,617
616,610
616,617
616,618
616,619
617,614
617,615
617,619
618,612
618,614
618,615
618,619
619,613
619,614
619,615
619,619
620,620
620,622
620,627
620,628
621,620
621,621
621,627
622,621
622,625
622,626
622,629
623,625
623,626
624,621
624,628
625,623
625,628
625,629
626,626
626,627
627,620
627,621
627,629
628,621
628,626
629,623
629,625
629,628
630,630
630,631
630,632
630,633
630,634
630,635
630,636
631,631
631,632
631,638
632,638
632,639
633,632
634,637
634,638
634,639
635,636
636,634
636,635
636,638
637,630
637,638
637,639
638,631
638,634
638,635
638,637
638,639
639,630
639,635
639,636
639,637
639,638
639,639
640,640
640,641
640,642
640,648
641,642
641,644
641,646
641,647
641,648
641,649
642,640
642,646
642,647
643,643
644,640
644,642
644,646
644,647
644,648
645,647
646,642
646,648
647,641
648,644
648,646
649,640
649,642
649,644
649,647
649,649
650,653
650,655
650,656
651,650
651,653
651,658
652,653
653,650
653,655
653,658
654,651
654,656
654,659
655,653
655,655
655,657
655,658
655,659
656,650
656,652
656,653
656,654
657,654
657,657
658,650
658,651
658,658
659,656
660,662
660,663
660,665
660,667
661,661
661,663
661,665
661,666
661,667
662,660
662,663
662,667
662,668
662,669
663,660
663,661
663,662
663,666
663,668
663,669
664,662
664,667
665,663
665,664
665,669
666,660
666,661
666,662
666,665
666,668
667,661
667,665
667,668
667,669
668,660
668,661
668,663
668,664
668,667
668,669
669,660
669,661
669,664
669,668
670,676
670,678
671,672
671,675
671,676
671,678
672,675
672,677
672,678
672,679
673,670
673,674
674,670
674,671
675,672
675,673
675,674
675,675
676,673
676,675
676,676
677,671
677,672
677,673
677,674
677,675
677,676
677,679
678,670
678,671
678,672
678,673
678,676
678,677
678,678
679,670
679,673
679,677
680,680
680,681
680,682
680,683
680,688
681,682
681,686
681,687
681,689
682,683
682,684
682,687
682,688
682,689
683,680
683,684
683,685
683,688
683,689
684,680
684,682
684,683
684,684
684,687
684,689
685,680
685,685
685,686
686,680
686,684
686,687
687,680
687,685
687,686
688,682
688,683
689,683
689,686
689,687
690,690
690,693
690,694
690,697
690,698
691,692
691,696
692,690
692,696
692,698
692,699
693,692
693,693
693,695
693,696
693,697
694,694
695,696
695,697
696,694
697,694
697,698
698,690
698,693
698,697
699,690
699,696
700,700
700,703
700,709
701,703
701,705
701,708
702,702
703,700
703,701
703,704
703,705
703,706
703,707
703,709
704,704
704,707
705,706
705,709
706,700
706,701
706,702
706,709
707,703
707,707
707,708
708,701
708,702
708,704
708,707
709,704
709,709
710,716
710,719
711,711
711,712
711,713
711,715
711,716
711,719
712,711
712,714
713,714
714,715
714,716
715,710
715,716
715,718
716,710
716,711
716,713
716,717
717,710
717,712
717,714
717,717
718,711
718,713
718,714
719,715
719,716
719,717
719,719
720,724
720,726
720,728
720,729
721,726
721,728
722,720
722,723
722,725
722,726
722,728
723,720
724,720
724,721
724,727
725,722
725,723
725,729
726,720
726,721
726,725
726,728
726,729
727,721
727,722
727,723
727,724
727,725
728,720
728,721
728,722
728,729
729,729
730,730
730,731
730,734
730,739
731,731
731,734
731,736
732,731
733,730
733,736
733,737
733,738
733,739
734,731
734,734
734,735
734,736
734,738
734,739
735,733
735,736
735,739
736,732
736,733
736,734
736,738
736,739
737,730
737,733
737,735
737,736
737,739
738,731
738,733
738,736
739,730
739,732
739,736
739,737
739,738
740,744
740,745
740,748
740,749
741,741
741,743
741,747
741,749
742,744
742,745
742,748
743,740
743,742
743,743
743,744
743,746
744,741
744,745
744,747
745,741
745,742
745,744
745,749
746,740
746,741
747,741
747,744
747,747
747,748
748,745
748,746
748,747
749,740
749,741
749,744
749,749
750,750
750,754
750,755
750,758
750,759
751,750
751,758
752,750
752,759
753,753
753,754
753,757
754,752
754,756
754,758
755,753
755,754
755,756
755,757
755,758
756,752
756,756
756,758
757,750
757,753
757,755
757,757
758,751
758,758
758,759
759,750
759,751
759,755
759,757
760,764
760,766
760,768
760,769
761,763
762,764
762,765
762,766
762,767
763,763
763,765
763,766
763,767
763,769
764,764
764,765
765,760
765,762
765,764
765,768
766,762
766,764
766,765
767,763
767,764
767,766
768,766
769,764
769,765
770,771
770,778
771,773
772,771
772,774
772,775
772,776
773,770
773,773
773,777
774,770
774,774
775,770
775,771
775,773
775,774
775,778
776,770
776,773
776,775
776,777
777,777
777,779
778,773
778,775
778,777
778,778
779,772
779,774
779,776
779,778
780,784
780,787
780,788
781,784
781,788
781,789
782,780
782,782
782,783
782,786
782,788
782,789
783,784
783,785
783,786
784,782
784,784
784,786
784,787
784,789
785,781
785,783
785,785
785,786
786,782
786,783
786,784
786,786
786,789
787,780
787,785
787,789
788,780
788,788
789,780
789,782
789,789
790,790
790,796
790,797
790,798
791,794
791,796
792,795
792,798
792,799
793,795
793,796
794,795
794,796
794,797
795,790
795,792
795,793
795,795
795,797
795,799
796,790
796,791
796,796
797,793
797,794
797,796
798,790
798,791
798,795
798,799
799,793
799,795
799,798
799,799
800,801
800,804
800,805
800,806
800,807
800,809
801,806
802,800
802,801
802,802
802,804
802,808
803,800
803,803
803,804
803,808
804,800
804,804
804,807
805,802
805,806
805,809
806,804
806,809
807,803
807,804
807,806
807,808
807,809
808,803
808,805
808,806
808,808
809,800
809,801
809,804
809,806
809,807
809,809
810,810
810,812
810,814
810,816
810,818
810,819
811,811
811,812
811,815
811,816
811,817
811,818
811,819
812,811
812,814
812,816
813,814
813,817
813,819
814,811
814,814
815,812
815,815
815,816
816,812
816,813
816,814
816,816
816,818
817,810
817,811
817,812
817,814
817,816
817,817
817,819
818,813
818,818
819,812
819,813
819,814
819,816
819,819
820,822
820,825
821,821
821,825
821,826
822,825
822,827
822,828
823,821
823,823
823,824
823,825
823,826
823,827
824,825
824,826
824,827
824,829
825,828
826,821
826,822
826,824
826,826
826,829
827,824
827,827
828,821
828,822
828,824
829,822
829,823
829,826
829,829
830,833
830,837
831,831
831,832
831,836
831,837
831,839
832,830
832,831
832,835
833,830
833,831
833,833
833,834
834,835
834,838
834,839
835,834
835,835
835,838
836,835
836,838
836,839
837,832
837,839
838,830
838,831
838,833
838,839
839,833
840,847
841,841
841,843
841,844
841,848
842,843
842,844
842,846
842,848
842,849
843,840
843,846
843,847
844,842
844,843
844,846
844,847
845,841
845,849
846,840
846,841
847,840
847,842
847,843
847,844
848,841
848,842
848,844
848,845
848,846
849,843
849,849
850,850
850,852
850,853
850,855
850,856
850,857
850,859
851,850
851,851
851,852
851,855
851,856
851,857
852,854
852,858
853,851
853,858
854,857
854,858
855,850
855,851
855,852
855,854
855,855
856,855
856,857
856,859
857,850
857,852
857,853
857,855
857,858
858,850
858,854
858,856
858,858
859,850
859,851
859,853
859,854
859,855
859,857
860,861
860,862
860,863
860,864
860,866
860,867
860,868
861,862
861,863
861,866
862,861
862,862
862,863
862,869
863,862
863,866
863,867
864,863
864,864
864,865
864,869
865,867
865,869
866,861
866,864
866,867
867,860
867,861
868,860
868,868
869,861
869,866
869,867
870,873
870,874
870,875
870,878
871,871
871,875
871,877
871,879
872,874
872,875
872,877
872,879
873,873
873,874
873,875
874,871
874,875
874,876
874,878
874,879
876,877
876,878
876,879
877,872
877,873
877,875
877,876
877,878
878,870
878,874
878,875
878,876
878,877
878,879
879,871
879,872
879,877
879,879
880,881
880,884
881,880
881,882
881,883
881,888
882,881
882,883
882,884
882,886
883,881
883,884
883,887
883,888
883,889
885,881
885,883
885,885
885,889
887,882
887,884
887,887
887,888
887,889
888,883
888,886
888,888
889,884
890,890
890,891
890,892
890,893
890,896
890,897
891,890
891,893
891,899
892,890
892,895
893,892
893,896
894,890
894,891
894,896
895,890
895,891
895,897
896,892
896,893
896,896
896,897
896,898
897,890
897,894
897,895
898,890
898,893
898,895
898,899
899,894
899,899
900,901
900,904
900,905
900,907
901,907
902,900
902,905
902,907
903,901
903,902
903,903
903,908
903,909
904,900
904,901
904,907
905,901
905,902
905,908
906,901
906,909
907,901
907,907
907,909
909,900
909,902
909,904
909,905
910,912
910,913
910,914
911,915
911,917
912,911
912,912
912,913
912,917
912,918
913,910
913,915
913,916
914,911
914,912
914,913
914,914
915,918
916,910
916,911
916,913
916,915
916,917
916,918
916,919
917,914
917,918
918,910
918,911
918,913
918,914
918,915
918,916
919,911
919,912
919,916
919,919
920,921
920,924
920,925
920,927
920,928
920,929
921,922
921,923
921,924
921,925
921,926
922,922
922,923
922,926
922,929
923,921
923,924
923,925
923,926
923,927
923,928
924,926
924,927
924,928
925,923
925,924
925,925
925,927
925,928
926,924
926,927
927,920
927,921
927,922
927,924
927,927
928,923
928,924
928,928
929,920
929,922
929,924
929,926
931,931
931,935
931,936
931,937
931,939
932,937
932,938
932,939
933,937
934,932
934,935
934,939
935,931
935,934
935,938
936,932
936,934
936,938
936,939
937,931
938,936
938,938
939,930
939,931
939,933
939,938
940,943
940,945
940,948
941,940
941,944
941,945
941,948
942,943
942,945
942,946
942,948
943,940
943,941
943,942
943,944
943,945
943,947
944,942
944,948
944,949
945,940
945,944
945,948
946,941
946,944
946,949
947,943
949,940
949,946
949,947
949,948
949,949
950,957
951,951
951,953
951,954
951,958
952,955
952,956
952,959
953,951
953,955
954,953
954,954
954,956
955,951
955,952
955,955
955,956
955,959
956,951
956,952
956,953
956,954
956,955
956,957
957,950
957,955
957,956
958,950
958,955
959,955
960,961
960,965
960,967
960,968
960,969
961,962
961,966
961,968
963,962
963,963
963,964
963,965
963,967
964,963
964,966
965,960
965,963
966,964
966,965
966,966
966,967
966,969
967,962
967,967
968,963
968,964
968,965
968,966
968,969
969,961
969,964
969,965
969,966
969,969
970,971
970,978
972,970
972,977
972,978
973,971
973,974
974,970
974,972
974,979
975,970
975,974
976,971
976,973
976,974
976,976
976,979
977,972
977,973
977,974
977,978
977,979
978,974
978,978
979,972
979,978
980,985
980,986
981,981
981,985
981,986
981,987
981,989
982,983
983,982
983,985
983,988
983,989
984,980
984,981
984,983
984,985
984,987
984,989
985,982
985,983
986,980
986,982
986,983
986,984
986,988
987,981
987,983
987,986
987,988
988,980
988,986
988,987
988,988
989,980
989,981
989,982
989,985
989,986
990,990
990,998
990,999
991,0
991,995
991,997
991,998
991,999
992,0
992,993
992,994
993,995
993,999
994,0
994,991
994,999
995,0
995,991
995,992
995,993
995,997
995,998
996,990
996,993
996,999
997,0
997,991
997,995
997,997
997,999
998,0
998,991
998,994
998,997
998,998
999,381
999,382
999,383
999,384
999,385
999,386
999,387
999,388
999,389
999,391
999,393
999,394
999,397
999,399
999,401
999,405
999,407
999,409
999,411
999,413
999,415
999,417
999,429
999,430
999,431
999,432
999,433
999,434
999,435
999,436
999,437
999,439
999,441
999,442
999,445
999,447
999,449
999,453
999,454
999,455
999,457
999,459
999,460
999,461
999,463
999,464
999,465
999,471
999,472
999,473
999,474
999,475
999,476
999,477
999,478
999,479
999,480
999,481
999,482
999,483
999,484
999,485
999,486
999,487
999,488
999,489
999,491
999,492
999,493
999,495
999,496
999,499
999,500
999,501
999,503
999,504
999,505
999,506
999,507
999,508
999,510
999,511
999,512
999,513
999,514
999,515
999,517
999,518
999,519
999,521
999,527
999,529
999,531
999,533
999,535
999,537
999,541
999,542
999,543
999,545
999,546
999,549
999,550
999,552
999,553
999,555
999,556
999,557
999,558
999,561
999,562
999,565
999,567
999,571
999,572
999,575
999,576
999,577
999,581
999,583
999,584
999,585
999,586
999,587
999,588
999,589
999,590
999,591
999,592
999,595
999,596
999,597
999,598
999,599
999,600
999,601
999,602
999,603
999,605
999,606
999,607
999,609
999,610
999,611
999,612
999,613
999,615
999,617
999,618
999,619
999,621
999,622
999,623
999,624
999,625
999,626
999,627
999,628
999,631
999,632
999,633
999,634
999,635
999,636
999,638
999,639
999,640
999,643
999,645
999,646
999,647
999,648
999,649
999,651
999,652
999,653
999,654
999,655
999,656
999,657
999,658
999,661
999,662
999,663
999,665
999,666
999,667
999,671
999,673
999,674
999,675
999,676
999,677
999,678
999,679
999,680
999,681
999,682
999,683
999,684
999,687
999,689
999,690
999,691
999,694
999,695
999,696
999,697
999,698
999,699
999,700
999,703
999,705
999,706
999,707
999,709
999,711
999,712
999,713
999,714
999,715
999,716
999,717
999,718
999,719
999,720
999,725
999,726
999,727
999,729
999,730
999,731
999,732
999,733
999,734
999,735
999,736
999,737
999,738
999,739
999,740
999,741
999,743
999,745
999,746
999,747
999,748
999,749
999,750
999,753
999,754
999,755
999,757
999,759
999,760
999,761
999,762
999,763
999,764
999,765
999,766
999,769
999,770
999,773
999,774
999,775
999,777
999,778
999,779
999,783
999,785
999,786
999,787
999,788
999,789
999,790
999,791
999,792
999,793
999,794
999,800
999,801
999,802
999,803
999,804
999,805
999,806
999,807
999,808
999,809
999,810
999,811
999,813
999,819
999,820
999,821
999,822
999,827
999,828
999,829
999,830
999,875
999,876
999,881
999,882
999,883
999,885
999,886
999,899
999,901
999,902
999,915
999,916
999,917
999,919
999,920
999,921
999,922
999,923
999,924
999,925
999,926
999,927
999,928
999,929
999,930
999,933
999,935
999,937
999,938
999,939
999,940
999,941
999,942
999,943
999,944
999,953
999,954
999,971
999,972
999,973
999,974
999,979
999,980
999,981
999,982
999,983
999,985
999,986
999,987
999,989
999,994
999,995
999,997
