[80]
0
1
2
3
4
5
6
7
8
9
10
11
12
13
14
15
16
17
18
19
20
21
22
23
24
25
26
27
28
29
30
31
32
33
34
35
36
37
38
39
40
41
42
43
44
45
46
47
48
49
50
51
52
53
54
55
56
57
58
59
60
61
62
63
64
65
66
67
68
69
70
71
72
73
74
75
76
77
78
79
[0]
0,1
0,4
0,6
0,7
1,4
4,4
5,4
5,6
6,4
7,2
7,6
8,15
10,8
10,12
10,13
11,9
12,9
12,10
12,12
13,10
13,13
14,10
14,13
15,12
16,20
16,22
19,16
20,17
20,22
21,20
21,23
23,21
24,25
26,27
26,31
27,28
27,29
28,25
28,29
29,26
30,26
34,33
35,35
35,38
36,32
36,33
36,38
36,39
37,34
37,36
37,37
38,38
39,39
40,47
42,42
43,40
43,43
43,44
44,41
44,43
44,46
45,40
45,41
45,43
46,42
47,45
47,46
49,52
50,49
50,53
51,54
52,54
52,55
53,49
53,53
53,55
54,48
54,51
54,53
56,60
56,61
56,62
58,61
59,60
60,61
60,63
61,56
61,57
61,61
63,60
63,62
64,66
65,67
65,71
66,69
67,67
67,71
68,67
69,64
69,70
69,71
70,67
72,76
74,73
74,78
75,73
75,79
76,77
76,78
76,79
77,77
78,78
79,78
