[input01.txt]

TRIVIAL:
[1]: A
[2]: D
[3]: B E
[4]: C F
[5]: G H I J K L

ROBUST:
[1]: A
[2]: D
[3]: B E
[4]: C F
[5]: G H I J K L

---------------------------
---------------------------

[input02.txt]

TRIVIAL:
[1]: 7
[2]: 8
[3]: 4 5 6
[4]: 0 1 2 3

ROBUST:
[1]: 7
[2]: 8
[3]: 4 5 6
[4]: 0 1 2 3

---------------------------
---------------------------

[input03.txt]

TRIVIAL:
[1]: 0
[2]: 13
[3]: 55
[4]: 53 54
[5]: 66 67
[6]: 42 43 44
[7]: 22 23 24 25
[8]: 14 15 16 17 18 19 20 21
[9]: 45 46 47 48 49 50 51 52
[10]: 56 57 58 59 60 61 62 63 64 65
[11]: 1 10 11 12 2 3 4 5 6 7 8 9
[12]: 26 27 28 29 30 31 32 33 34 35 36 37 38 39 40 41

ROBUST:
[1]: 0
[2]: 13
[3]: 55
[4]: 53 54
[5]: 66 67
[6]: 42 43 44
[7]: 22 23 24 25
[8]: 14 15 16 17 18 19 20 21
[9]: 45 46 47 48 49 50 51 52
[10]: 56 57 58 59 60 61 62 63 64 65
[11]: 1 10 11 12 2 3 4 5 6 7 8 9
[12]: 26 27 28 29 30 31 32 33 34 35 36 37 38 39 40 41

---------------------------
---------------------------

